104.524317662043
98.295390941985
101.201300572309
96.8258824775576
99.7777844797209
100.535882059444
150.219247991425
153.299171430611
152.030452379689
149.271446628265
148.965391188617
153.209523402459
148.536116284592
151.04160094104
152.806933075742
154.146132372137
101.474895066967
99.4181522342549
99.7491679934576
97.3801697598009
150.700271545697
146.088547777193
152.142228905801
104.346057541084
152.941065491139
147.6310565928
147.400779027143
145.465667366449
152.762344617
147.584883199481
147.463428757649
150.19276707899
103.72260951414
99.5057200177867
154.25160489277
148.616718935355
149.20219245808
152.519345863771
145.867576505545
153.743351614724
103.925588352528
99.9158517746542
99.485572413414
146.394671210885
146.839092494125
99.848607563626
103.094508508026
105.018453282783
94.6266294243679
100.410789870313
100.780632342166
98.3585134358939
151.29390317797
100.978651416809
151.300787117846
151.236439784471
149.253562143569
98.8621698386765
151.858064012412
149.982262160128
97.6035300333562
146.605567359507
147.88314851734
153.354712358959
92.4247285956837
149.636561268215
154.012681201389
148.138812198593
148.369372228497
152.715351118315
151.209864138583
101.241043065544
107.137035411937
99.5935279014383
107.369051811305
97.99904186275
97.1658616216622
98.5664641338842
104.152033690407
101.595888272125
101.755914936647
149.866002849495
148.375166964358
151.393343781482
150.810215040432
148.035412035227
99.9721048288105
103.791636715768
96.2161724445814
96.6574642830721
103.510535286313
100.550481888453
105.987082748748
100.695872501742
101.637266588752
100.96898809592
148.944472599603
149.705023479728
154.205918098669
95.9752036633667
100.252966926756
99.056047635513
101.380028473853
102.624030081526
100.444361792202
98.7716895901277
105.284812094769
93.2548586534941
99.395983722205
104.564141667519
153.649744360048
102.443542220426
106.798515336616
104.993181119089
151.974886596462
153.306898052922
151.966942841815
149.496197999046
145.803941943199
146.719924658508
96.7062176550113
101.172298302307
99.1402906277049
99.6455879493923
148.897875289423
152.428469044899
149.941478984232
146.663658359235
151.554308518907
153.711947319506
152.019271560217
149.168842088904
151.69664148001
97.8645599250357
97.4231016505514
101.126893977701
150.699158703031
151.939138009045
148.907351002847
96.8258022463071
98.9931201524161
97.3400050913133
148.850000867557
148.032435874543
149.22033826094
150.201223230884
152.408925876272
152.231488723513
153.87359886435
101.998958229908
149.303648839673
100.800962747068
104.714620608069
101.025429095704
101.373320106248
100.76539582704
97.3772725501454
98.1900637461413
103.160598859194
95.7469507359776
93.7335841868334
99.7134693848822
95.1025984466366
153.147984306476
151.5937607339
147.790722360096
150.090218844832
151.268315654129
153.81992599911
146.882546216355
153.527722882498
152.341406722311
149.587828999973
101.184488571933
100.539555934961
96.1951758540452
103.966777515526
97.2649319263307
97.2734323405755
100.906033598746
100.66742492693
101.080693021801
95.9902243504933
150.827821805793
149.740067883728
149.166470757659
152.758868830569
147.245811528402
99.9724471938448
104.603976960393
102.741751711891
152.47563906677
146.775809525528
149.871330438438
150.156020725522
154.616047445681
152.236438707512
146.685900227614
150.09444560683
153.479908370788
153.171629843225
103.928627321824
101.493421221833
100.69841143777
151.944816527314
104.544897595705
100.413798507926
95.4557248411875
103.649703876415
102.174066640831
104.485176983071
95.8990747398075
97.6857475659808
100.436833379621
102.511544697791
98.4323091370154
104.228581071455
148.577688956071
151.140558407327
150.157718487279
149.177285319485
152.64697483566
148.248499704059
151.874191504265
94.5151881487231
97.5917209784604
102.028723984813
105.463852153906
107.578628260317
101.350322183123
100.508355411857
96.1161045962106
99.3088789136669
96.1575825060257
101.884957882386
100.708203629796
150.159152367177
151.50152706407
100.776700777125
100.323613934634
100.298815780595
103.744047905011
150.030155134618
147.14041780946
146.744145381517
148.375834925266
152.561765244394
151.862065943593
147.254535175936
153.478785034419
149.400261945086
150.419027240147
150.553035383956
149.613670207529
150.867891428515
152.396197491246
154.599033734722
152.313732175658
150.585301420413
151.310137092018
150.453762128294
146.260652574581
148.668740138903
152.125378361822
97.3607378985615
149.652251826923
153.256043709922
151.863418728172
99.557993367251
101.114152396728
149.911062502491
148.35110353598
149.37701354318
147.710983930286
151.722109311868
151.063748202274
150.393680129865
146.581317556635
148.546951255562
148.174815997522
150.254563684732
149.746848386302
149.245713502599
153.682186471692
148.542188251268
104.912337223703
148.238431287571
146.632175774741
148.200553440386
149.827558697109
98.5428921207332
98.6330808641159
95.5190326347831
99.5526406920013
149.482185542912
153.676576370506
98.7077671812136
101.096680582776
146.966372234353
98.5090661462458
94.8710438161422
99.4579538811385
95.2758399994667
102.539185295145
97.1602207527934
93.9839701908555
98.0777102950121
99.7789392579501
102.336846102034
97.8740729691039
94.5112428772715
150.891981514642
96.7140555141751
102.198660373545
106.550964124762
99.877480032595
95.8985224737381
105.452429503799
97.0420145782247
95.708973411254
101.147021966015
102.045671055829
100.900286743318
152.400648326345
150.101388420699
148.76858009493
149.406760388009
97.1601265134141
99.3238088972228
149.45050109643
147.563813125318
149.601344896187
149.91508002375
146.050402739644
149.182953715136
149.013653354333
150.619243536769
148.805684025407
150.304342357387
152.852249408631
153.072941263842
98.2961537199063
105.146015302641
101.930932810853
153.856495539823
152.651891851374
148.428054022632
154.115251934398
95.0053788859823
101.156640197695
149.252885517632
101.606139483886
152.234371232364
150.467134655185
102.280439661867
105.484092450652
150.397319789635
153.563760260907
152.698594845816
149.30650044305
148.050998837036
150.523674431629
148.558806636106
146.776622948316
153.424582553166
147.655692301906
148.917871749451
150.380694452617
152.089753238989
144.839200603873
103.409069911472
99.0788239508019
98.9461263021516
98.2149471088224
102.602253763549
101.023618714551
97.2715385381571
154.188325184132
149.061400559825
151.95164755837
100.519201300337
97.8143341108175
152.112281383871
152.10040461051
145.941271382625
102.725583642606
149.20667408972
145.634682066092
148.400493652856
150.562364926683
152.173237779047
148.742837004037
152.906754883959
101.535092328602
97.833849829416
100.524744842372
100.288717637908
99.4208291035465
147.767965361389
148.87513998547
147.084106761491
105.172424869728
149.03783696983
150.429498145294
149.171025107039
103.453732403384
102.163289290422
150.604624371612
151.716481006929
152.239107119941
151.045032365694
100.640144261242
101.643903834447
100.432346346906
101.860251621412
103.686993951123
104.258986624813
151.004420683746
147.541681892591
152.443528957942
146.475643157538
102.257948700099
96.9618222328253
147.554407061757
147.485885728951
149.367059066327
152.882797084505
152.509608855182
148.212495946747
156.351923406461
151.535894383458
149.544064096831
150.328794618335
151.388475289526
148.247463693469
151.374444720578
152.130369644425
146.627483223959
150.645532373227
98.8457498633757
99.7245505970274
101.259409916865
101.45058404372
96.9917836051489
145.317799719404
151.740883826544
151.417522598218
150.16304519055
153.087822230314
148.417538868529
148.473997919423
146.870733844612
100.590047611398
150.532708134302
147.585775360642
149.430714392585
98.2481954234438
98.7860906091533
99.4540347555507
103.154132084218
98.640255024076
97.0224583881014
99.6122499067098
103.127666002269
103.593514482795
150.424520453021
148.36943130314
150.468817459361
150.141163211521
150.58752459592
150.236844393135
148.903836278392
151.340544336182
153.037105907253
102.63187266643
97.3551264600449
100.410803242457
150.400711869541
148.487283875027
149.357470810132
152.627310288905
154.593070883652
100.557683458456
97.6567953975627
96.9439081707816
144.270434326251
97.5491568522694
98.7093356369024
149.167985289231
151.24811504242
152.189435834288
150.001364204202
147.404842078858
148.727471915202
146.217622293245
149.157756709767
147.366374230512
151.466617388872
145.581710036682
148.961908935196
154.342439744704
149.614175718209
149.979470751286
152.314999620092
99.4821378102999
149.042834506997
146.479896666765
147.414475976616
148.40403530829
153.064592800243
149.597288662299
98.0390073627491
94.7791262380674
105.112939926471
100.531369222915
102.151113511509
147.434335927748
99.9135692853839
105.617509492358
104.640688841022
101.234129515932
99.88067443041
100.195295181386
99.5388438868917
92.5758131230963
104.905574643422
102.159390338516
99.5604351750987
100.459972133054
98.604199896204
98.7184385805917
101.588483169994
100.250474697554
154.641259022344
151.145780603716
151.886697483502
146.577044228264
147.493566788035
94.7401379182641
101.711111693803
100.241085158981
98.4174028551789
103.484041270561
101.401549114409
102.294301727999
150.274150615092
146.392543137256
152.31895723639
150.108208714051
147.166806627572
98.9365119687547
100.467524693636
148.952938050019
149.228076563049
149.577824628526
150.533822669904
151.416282091754
105.942072371511
97.5772560596567
103.184217069934
98.4780603527662
99.0664120530425
100.37256541359
98.3900751233927
96.2365578753283
97.7525891668584
147.049458686912
104.935224894446
97.0579794065134
101.166265601918
98.2051015005046
98.3235089174153
101.809313780788
100.365187650473
95.0296735464168
99.3879056273538
100.804675292596
98.7668618909688
99.0780400814765
96.5299832826716
103.644515038111
94.8790546768675
149.588961792831
148.168522805161
155.048258797015
154.446395159369
100.615961494328
102.284421780129
152.615202889375
148.000697071352
151.458415563852
148.485538904137
150.13186510179
152.77437243713
145.681440768707
152.905919091371
148.789147981169
149.273795250844
147.172815489318
151.123134990316
152.167620333596
147.706856332281
146.042696571615
149.630742045852
145.849939931219
100.309195365127
103.015096164836
150.361841188923
149.969887943097
149.439741816885
95.1238810981435
103.09261037109
100.56797411428
100.917266967467
146.463363389843
150.978280893406
147.159205151817
101.966205685251
99.5968464559985
102.070139067505
101.407261365816
147.823209304124
150.054567706876
151.955996228684
151.726666326552
154.288845840914
150.964542126333
97.884764757817
99.3363753228564
100.985010216968
100.495984039072
96.6970180223813
95.3221050732139
146.704343873226
149.85630243104
151.889936637068
148.959527554756
150.455366601033
152.608560888116
149.466343064121
149.246329089216
149.164381534229
149.629094629908
148.810991328081
152.137126146548
151.091942780041
152.154526451044
152.60996909215
151.147216538661
152.979713988061
150.566057872515
103.264744782704
103.787712637716
95.4591615642318
102.893854970096
151.12208377399
103.749484535586
98.0891710517089
152.133893978551
152.921177285439
150.673082580471
150.771665077972
102.995384030731
102.844332414511
95.6468450883832
103.140985603925
101.449676665237
105.761072554737
97.8982803404767
96.0087933915955
98.7415880631437
102.399233391055
106.277586253485
149.424895275735
152.921879354891
99.9726957335246
96.9310722166519
94.0094828929776
149.712831246575
149.168718217024
98.0708169166984
98.4592681806015
151.478218124783
154.632550210142
103.345102891678
101.307740401942
99.1727734459136
98.7245626551439
102.397863549696
153.234772790642
150.457779761935
148.780740686713
152.658798824212
151.427180495074
147.791590886089
151.48972876092
154.702116832495
146.238306942634
97.7621506147331
98.6630996922559
96.0602050014553
100.152967174955
100.060954142434
149.79120696329
152.288453784888
153.148414941729
151.258293650111
145.7279656323
146.449432463839
150.939045579187
148.691451468272
148.646307323206
101.037986739526
151.566481014627
149.515908738885
150.678127748545
152.784649184538
148.683976269746
148.813201367203
150.428563008056
150.729748278092
150.154125016653
103.710933955565
99.9272999169434
151.335583093629
101.058029341716
148.602981977333
150.324165812249
152.114110936564
148.420618344461
143.954922797943
150.255268253502
150.614011987579
151.115374734997
96.6165379380644
99.4901088643878
105.177615001125
151.285124843936
149.432290622162
151.410969302973
146.978556175597
151.222635886497
149.475965006665
149.777495648365
148.9183626632
155.597962520322
150.040206065317
150.022761086379
150.940007051279
153.063286037737
151.881434788445
153.039957943251
152.915757430546
104.117151228962
146.482483789342
148.543888881997
106.277246562563
150.219364182327
101.661608785056
102.654855518419
94.1237275554539
149.472319273931
149.744475081726
152.465410937838
99.8433176823369
101.38422865207
103.837617685952
102.961151612652
96.4877334420064
103.078786767207
105.201012336934
103.124782915945
150.131946081381
154.655125220433
104.081161041163
107.932581286205
148.697604607454
153.331667563573
153.407304682423
150.054973238425
150.744108370801
156.6990862099
149.709772618334
153.450449196526
151.110887700923
101.42918433406
97.850606437554
150.385073339964
147.310510197766
101.038351734864
98.9172238135744
152.777064265583
146.949623671452
154.159028989447
149.324701939773
150.719475391695
149.225538887048
151.963386142666
101.866075820913
99.2759714193972
96.9970609994207
150.634820562463
150.318293443103
151.179207945506
149.733613559313
145.935507336688
150.201306639514
149.935695506035
154.270231247793
145.192780443669
149.753225471356
147.987772361793
148.674816128504
153.055222002482
148.971279350328
145.717506750131
150.37800463161
100.662718950261
102.606513439463
96.5866003195883
104.176773595859
101.498404890471
98.5707620808527
103.043129854857
97.8462149050673
148.848509360754
151.747714585519
154.29682088213
148.2711687351
148.42288160619
151.253223132232
97.0937533252219
99.4437740728903
103.473732412002
101.466303705946
152.781482325809
150.114809374816
153.138905865509
149.613537334775
151.203481432883
146.584637614774
147.571887807836
148.675108440725
151.581724078084
146.89378201643
153.168611904848
151.982766765636
147.720905476061
92.5542861114307
100.430674528765
99.8816266337489
94.8016762824592
102.630449648324
100.067069668749
101.714194361433
100.939006289546
100.462232259384
101.21336405636
102.6020234346
95.7519939838723
101.599393457983
102.204879985943
101.488580435609
105.481674997545
98.7912569291327
150.845618513501
146.735881400591
148.401986126627
150.048954368021
151.45338955396
98.6104471995727
102.751941877105
91.5518639590011
98.8538082031903
102.243533042573
97.7660920408025
97.4887036770577
104.798700834587
99.2549489580011
102.527324389337
101.471376119862
99.8858172259936
97.9414869363471
154.464187236207
146.451874076158
152.955424076854
150.954837863563
150.205621885352
149.724523780517
147.707877771329
99.3438448761245
97.3642169846563
96.4122040990581
103.896240904686
103.145862066796
151.472148841389
149.50566386283
101.713009005175
148.974244653631
149.426656154805
153.153835425299
149.164161460367
151.05587445283
147.310129378253
102.403568581889
150.463131086368
147.762724812933
150.910192602635
151.557650642222
147.886678686889
150.111888480031
149.455241213819
150.986192685239
149.360373419519
150.059795987047
98.0952298281773
100.789809574499
96.8297723046001
98.412539183426
101.654761150926
150.04970107426
150.158990479667
149.810631403776
150.276562433819
148.294265079972
101.296738775144
98.6657833305408
94.9521523825554
96.4931482440267
95.4388758894971
99.0467420150884
95.8698640220215
150.399422790195
146.793280032623
156.76673107401
151.056394681571
150.164592236043
150.535863713218
150.765346385656
151.868373226252
150.890086578078
148.131525070379
153.075933438978
145.799921292388
150.409035819135
150.771508469486
153.008268154836
150.463575069393
150.982402759876
148.669852048729
150.423526306381
98.5925625360251
97.4803187998856
102.008452481301
96.6564752005651
149.123584289104
101.498733021013
104.233292707037
98.1929667005963
100.905027161969
96.4063772488702
151.063561570391
149.003087982566
150.354977080303
152.146628578217
153.712353988678
147.570015038495
147.233094913201
150.255184297735
149.889432225294
149.684283551691
149.033562049253
152.061580924163
102.62046496392
98.8789054271189
99.2713374002925
102.066368803496
104.632826672295
102.629610937758
101.479640101895
99.2060465841757
99.8375923719019
104.293402429688
150.634478640587
151.74333994977
148.317805030003
147.801322231798
148.2943273075
99.6387622992469
104.405006826059
102.97152402952
153.931792416122
101.563743294991
98.3522045178218
99.915381005186
153.101268164596
149.803520861236
148.896492836672
96.1090865107259
98.7226319456845